75 75 4 25 100 10
25, 20, 29.84
25, 20, 18.35
75 75 4 25 150 10
22, 25, 22.31
22, 25, 15.0
75 75 4 25 200 10
23, 25, 18.57
23, 25, 13.14
75 75 4 25 250 10
25, 19, 14.35
25, 19, 10.93
75 75 4 25 300 10
25, 21, 16.46
25, 21, 11.93
75 75 4 25 350 10
25, 24, 14.82
25, 24, 11.29
75 75 4 25 400 10
25, 24, 13.4
25, 24, 10.95
75 75 4 25 450 10
20, 25, 11.0
20, 25, 9.16
75 75 4 25 500 10
25, 24, 15.67
25, 24, 11.93
75 75 4 25 550 10
25, 21, 17.46
25, 21, 12.51
75 75 4 25 600 10
17, 25, 11.22
17, 25, 8.3
75 75 4 25 650 10
25, 23, 10.64
25, 23, 8.63
75 75 4 25 700 10
23, 25, 11.5
23, 25, 9.26
75 75 4 25 750 10
24, 25, 12.36
24, 25, 9.62
75 75 4 25 800 10
23, 25, 10.38
23, 25, 8.51
75 75 4 25 850 10
25, 18, 13.11
25, 18, 9.62
75 75 4 25 900 10
24, 25, 16.4
24, 25, 11.68
75 75 4 25 950 10
25, 20, 11.23
25, 20, 8.81