35 35 4 35 150 10
34, 35, 5.52
34, 35, 4.63
35 35 4 35 150 15
34, 35, 1.67
34, 35, 4.04
35 35 4 35 150 20
32, 35, 2.46
32, 35, 4.88
35 35 4 35 150 25
32, 35, 2.53
32, 35, 5.11
35 35 4 35 150 30
29, 35, 2.6
29, 35, 4.89
35 35 4 35 150 35
34, 35, 2.01
34, 35, 4.65
35 35 4 35 150 40
35, 34, 2.18
35, 34, 4.67
35 35 4 35 150 45
33, 35, 2.37
33, 35, 4.93
35 35 4 35 150 50
35, 33, 2.24
35, 33, 5.55
35 35 4 35 150 55
30, 35, 2.43
30, 35, 5.0
35 35 4 35 150 60
30, 35, 2.17
30, 35, 4.51
35 35 4 35 150 65
35, 32, 2.37
35, 32, 5.1
35 35 4 35 150 70
32, 35, 2.37
32, 35, 4.8
35 35 4 35 150 75
35, 34, 2.74
35, 34, 5.6
35 35 4 35 150 80
33, 35, 2.05
33, 35, 4.37
35 35 4 35 150 85
35, 29, 2.58
35, 29, 5.43
35 35 4 35 150 90
35, 34, 2.42
35, 34, 4.94
35 35 4 35 150 95
35, 34, 2.7
35, 34, 5.38
35 35 4 35 150 100
34, 35, 6.1
34, 35, 5.28
35 35 4 35 150 105
35, 30, 2.74
35, 30, 5.6
35 35 4 35 150 110
35, 28, 1.83
35, 28, 4.22
35 35 4 35 150 115
28, 35, 2.34
28, 35, 4.62
35 35 4 35 150 120
35, 33, 2.52
35, 33, 5.04
35 35 4 35 150 125
32, 35, 1.93
32, 35, 4.22
35 35 4 35 150 130
32, 35, 1.82
32, 35, 4.41
35 35 4 35 150 135
30, 35, 1.82
30, 35, 4.2
35 35 4 35 150 140
3, 5, 1.16
3, 5, 2.18
35 35 4 35 150 145
31, 35, 2.56
31, 35, 4.78
35 35 4 35 150 150
35, 34, 2.48
35, 34, 4.88
35 35 4 35 150 155
31, 35, 2.86
31, 35, 5.05
35 35 4 35 150 160
31, 35, 2.57
31, 35, 5.1
35 35 4 35 150 165
27, 35, 2.05
27, 35, 4.15
35 35 4 35 150 170
35, 33, 2.46
35, 33, 5.15
35 35 4 35 150 175
31, 35, 2.48
31, 35, 4.82
35 35 4 35 150 180
35, 33, 1.92
35, 33, 4.62
35 35 4 35 150 185
33, 35, 1.93
33, 35, 4.33
35 35 4 35 150 190
7, 10, 1.23
7, 10, 2.57
35 35 4 35 150 195
28, 35, 1.93
28, 35, 4.13
35 35 4 35 150 200
28, 35, 6.32
28, 35, 6.51
35 35 4 35 150 205
32, 35, 1.96
32, 35, 6.07
35 35 4 35 150 210
34, 35, 3.01
34, 35, 7.75
35 35 4 35 150 215
27, 35, 3.01
27, 35, 7.88
35 35 4 35 150 220
25, 35, 2.66
25, 35, 7.08
35 35 4 35 150 225
15, 13, 1.46
15, 13, 4.14
35 35 4 35 150 230
35, 34, 3.14
35, 34, 7.75
35 35 4 35 150 235
29, 35, 2.98
29, 35, 7.24
35 35 4 35 150 240
20, 24, 1.69
20, 24, 4.99
35 35 4 35 150 245
34, 35, 2.45
34, 35, 6.81
35 35 4 35 150 250
35, 32, 2.68
35, 32, 7.38
35 35 4 35 150 255
33, 35, 2.69
33, 35, 7.32
35 35 4 35 150 260
35, 33, 2.68
35, 33, 7.44
35 35 4 35 150 265
35, 34, 2.02
35, 34, 5.96
35 35 4 35 150 270
33, 35, 1.95
33, 35, 6.0
35 35 4 35 150 275
32, 35, 2.15
32, 35, 6.75
35 35 4 35 150 280
15, 17, 2.03
15, 17, 4.87
35 35 4 35 150 285
35, 32, 2.67
35, 32, 7.31
35 35 4 35 150 290
32, 35, 2.83
32, 35, 7.17
35 35 4 35 150 295
30, 35, 2.47
30, 35, 6.46
35 35 4 35 150 300
34, 35, 2.47
34, 35, 6.63
35 35 4 35 150 305
35, 27, 2.18
35, 27, 6.23
35 35 4 35 150 310
30, 35, 3.29
30, 35, 7.49
35 35 4 35 150 315
35, 34, 2.47
35, 34, 6.52
35 35 4 35 150 320
34, 35, 2.66
34, 35, 7.22
35 35 4 35 150 325
33, 35, 2.65
33, 35, 7.32
35 35 4 35 150 330
35, 33, 2.31
35, 33, 6.52
35 35 4 35 150 335
35, 32, 2.35
35, 32, 6.9
35 35 4 35 150 340
32, 35, 2.56
32, 35, 7.3
35 35 4 35 150 345
35, 32, 2.74
35, 32, 7.57
35 35 4 35 150 350
35, 29, 2.21
35, 29, 7.02
35 35 4 35 150 355
35, 33, 3.61
35, 33, 8.54
35 35 4 35 150 360
33, 35, 3.37
33, 35, 8.02
35 35 4 35 150 365
34, 35, 3.01
34, 35, 7.67
35 35 4 35 150 370
28, 35, 2.29
28, 35, 6.44
35 35 4 35 150 375
35, 31, 2.23
35, 31, 6.41
35 35 4 35 150 380
32, 35, 2.53
32, 35, 6.94
35 35 4 35 150 385
31, 35, 2.88
31, 35, 6.91
35 35 4 35 150 390
35, 34, 2.08
35, 34, 6.34
35 35 4 35 150 395
32, 35, 2.32
32, 35, 6.46
35 35 4 35 150 400
35, 34, 2.66
35, 34, 7.46
35 35 4 35 150 405
25, 35, 3.03
25, 35, 7.05
35 35 4 35 150 410
35, 29, 2.82
35, 29, 7.38
35 35 4 35 150 415
33, 35, 2.21
33, 35, 6.98
35 35 4 35 150 420
35, 32, 2.66
35, 32, 6.91
35 35 4 35 150 425
35, 32, 2.19
35, 32, 5.96
35 35 4 35 150 430
35, 30, 2.61
35, 30, 7.21
35 35 4 35 150 435
35, 31, 2.4
35, 31, 7.19
35 35 4 35 150 440
34, 35, 1.94
34, 35, 6.02
35 35 4 35 150 445
33, 35, 2.6
33, 35, 6.96
35 35 4 35 150 450
35, 32, 2.29
35, 32, 6.24
35 35 4 35 150 455
35, 32, 2.71
35, 32, 7.56
35 35 4 35 150 460
35, 32, 2.34
35, 32, 6.63
35 35 4 35 150 465
34, 35, 2.95
34, 35, 7.25
35 35 4 35 150 470
34, 35, 2.47
34, 35, 6.74
35 35 4 35 150 475
35, 34, 2.64
35, 34, 7.14
35 35 4 35 150 480
35, 33, 2.12
35, 33, 6.46
35 35 4 35 150 485
33, 35, 2.91
33, 35, 6.9
35 35 4 35 150 490
31, 35, 2.94
31, 35, 7.52
35 35 4 35 150 495
35, 34, 2.55
35, 34, 7.08
